1.70
2.01
1.64
1.74
1.56
1.86
1.65
1.99
1.56
2.00
1.57
1.74
1.89
1.66
1.82
1.69
2.07
2.05
1.99
1.71
1.58
1.55
2.02
1.92
1.85
1.81
2.09
1.82
1.98
2.02
1.88
1.97
1.93
1.81
2.00
1.78
1.56
1.55
2.06
1.57
1.84
2.08
1.60
1.62
2.03
1.72
1.61
1.99
2.06
2.05
2.00
2.09
1.90
1.91
1.91
1.64
2.01
1.73
1.91
1.72
1.64
1.68
1.59
2.02
1.79
1.88
2.09
1.80
1.72
2.04
1.67
1.86
1.85
1.72
1.93
1.78
1.73
1.83
2.06
1.69
1.62
1.79
1.67
1.97
1.59
1.87
1.90
2.06
2.05
1.70
1.67
1.59
1.67
1.55
1.90
1.91
1.73
1.89
2.01
1.90
1.66
1.97
1.65
1.97
1.98
1.88
2.04
1.61
2.00
1.83
1.75
1.91
2.08
1.71
1.61
1.96
2.04
1.96
1.75
1.98
1.95
1.72
1.86
2.08
1.72
1.66
1.72
1.74
1.84
2.02
1.94
1.79
1.88
1.88
2.05
1.76
2.05
1.98
1.66
1.95
1.55
1.86
1.59
2.08
1.86
1.66
1.93
1.79
2.07
1.58
2.07
1.92
1.59
1.66
1.73
1.60
1.61
1.74
1.80
1.90
1.66
1.63
1.99
1.83
1.96
1.93
2.04
1.75
1.81
1.99
1.59
1.65
1.58
1.63
1.62
1.90
1.58
1.84
1.58
1.55
1.71
1.94
1.76
1.75
2.06
1.78
1.81
1.56
1.97
2.06
1.76
2.08
1.98
1.64
1.65
1.67
2.02
1.58
1.87
1.56
2.03
1.75
1.66
2.06
1.68
1.57
1.69
1.71
1.87
1.57
1.55
1.87
1.96
1.60
2.08
1.75
1.83
1.62
1.61
1.70
1.97
1.82
2.07
1.84
1.75
1.61
1.80
2.06
2.05
1.97
2.08
1.81
2.01
2.03
1.60
1.98
1.90
1.75
1.59
2.06
1.77
1.99
1.82
2.02
2.05
1.63
1.67
1.61
1.70
1.73
1.76
1.56
1.84
1.57
1.69
2.04
1.63
1.79
1.99
1.97
1.65
1.80
1.67
1.95
1.57
1.57
1.83
1.92
1.77
1.71
1.71
1.83
1.59
1.98
1.74
1.93
2.07
1.70
2.00
2.06
1.88
2.05
2.08
2.01
2.07
2.06
1.94
1.60
1.74
1.67
1.86
1.68
1.76
1.99
2.09
1.78
2.01
1.65
1.99
2.07
1.81
1.59
1.79
1.85
1.87
1.82
2.08
1.67
1.98
1.97
1.62
1.59
1.91
1.99
1.90
1.88
1.95
1.57
1.77
1.98
1.69
2.08
1.96
1.75
1.80
1.78
1.82
2.10
1.88
1.71
2.06
1.58
1.59
1.58
1.72
1.75
1.70
1.69
1.87
1.97
1.95
1.79
1.85
1.76
1.67
1.64
1.93
1.91
1.67
1.59
1.79
1.65
1.96
1.64
1.85
2.06
1.87
1.57
2.05
2.04
1.57
1.85
2.07
2.01
1.72
2.08
1.66
1.87
1.67
1.82
1.73
1.91
2.06
1.88
1.56
1.63
1.97
1.78
1.99
2.09
1.66
2.07
1.64
2.08
2.00
1.78
2.03
1.60
1.64
1.81
2.09
1.66
1.55
1.89
1.97
1.57
1.87
2.08
1.89
1.83
1.63
1.92
1.63
1.59
1.69
2.05
2.07
1.55
1.72
1.79
1.94
1.84
1.76
1.87
1.65
1.65
1.94
1.97
1.71
2.04
1.67
2.09
1.59
2.08
1.88
2.01
2.10
1.64
1.82
1.72
1.76
1.91
2.09
1.84
1.79
2.07
1.62
1.75
1.92
1.80
1.99
1.75
1.93
2.04
1.91
2.03
1.99
1.74
1.89
1.99
1.67
1.85
1.97
1.56
1.82
1.74
1.86
1.81
1.67
1.58
1.99
1.88
1.78
1.81
2.02
1.86
1.78
2.09
2.06
1.59
1.62
1.78
1.63
2.00
1.72
1.99
1.76
2.00
2.02
2.10
1.88
1.59
1.85
1.74
2.00
1.96
1.78
1.75
1.67
1.90
1.62
1.95
2.08
1.85
1.65
1.83
1.60
1.72
1.65
1.95
1.76
1.73
1.63
1.68
2.02
1.64
1.56
1.68
2.09
2.04
2.07
1.86
1.92
1.81
1.89
1.81
1.67
1.56
2.01
1.63
1.76
2.09
2.03
1.57
1.67
1.97
1.85
1.57
1.59
1.95
1.81
1.64
1.97
1.73
1.78
1.89
1.82
1.63
1.86
1.64
1.96
1.82
1.79
1.61
1.93
1.98
1.87
1.89
1.99
1.62
1.81
2.04
2.00
1.57
2.06
1.96
1.99
1.64
1.82
1.87
1.89
2.09
1.81
1.75
1.71
2.04
1.93
1.83
1.96
1.68
1.76
1.66
1.80
2.01
1.72
2.02
1.88
2.05
1.80
1.60
1.96
2.06
2.10
1.85
2.08
1.89
2.10
1.80
1.83
1.82
1.57
1.61
1.80
1.83
1.65
1.80
1.60
2.04
2.08
1.85
2.01
1.74
1.96
2.10
2.04
1.58
2.01
1.65
1.92
2.10
1.70
1.77
1.89
2.09
1.91
1.70
1.72
1.74
1.96
2.00
2.01
1.82
1.90
2.10
1.94
2.00
1.64
1.83
1.77
1.61
1.57
1.68
1.64
1.99
2.07
1.97
1.86
1.98
2.07
1.67
1.81
2.07
1.73
1.60
2.05
1.93
1.75
2.06
1.56
2.00
1.95
1.87
1.71
1.74
1.70
1.94
2.04
1.79
1.66
1.70
1.70
2.09
1.83
1.63
1.81
1.64
2.06
1.56
2.07
1.86
2.08
1.61
1.82
2.10
1.66
1.61
1.76
1.87
1.56
1.61
1.60
1.81
1.93
1.77
1.84
2.09
2.00
1.77
1.61
1.56
1.93
1.76
2.10
2.05
1.85
1.64
1.58
1.80
1.65
1.94
1.55
2.02
2.01
1.67
2.01
1.96
1.73
2.06
1.56
1.58
1.56
1.62
1.84
1.79
1.84
1.58
1.61
1.73
1.64
1.67
1.58
1.86
1.89
1.97
1.81
1.63
2.06
1.68
1.72
2.00
1.92
1.56
1.91
1.66
1.68
1.65
2.07
1.70
1.60
2.09
1.74
1.62
1.60
1.87
1.86
1.73
1.74
1.92
1.75
1.84
1.88
1.79
1.59
1.66
2.05
1.69
1.58
2.01
1.67
1.59
1.74
2.04
1.61
1.55
1.59
1.58
1.65
1.55
1.58
1.55
1.93
1.61
2.02
1.98
1.93
1.77
1.60
1.57
1.98
1.65
1.70
1.75
1.89
1.58
1.71
1.67
1.73
1.74
1.97
1.85
1.79
1.61
1.62
1.69
1.61
2.06
1.56
1.55
2.06
1.59
1.95
1.89
1.65
1.86
1.60
1.88
2.08
2.06
1.90
1.79
1.60
2.05
2.00
1.78
2.08
1.60
1.90
2.10
1.63
1.77
1.68
1.71
1.83
1.59
1.69
1.73
2.10
1.71
1.57
2.06
1.59
1.98
1.68
2.10
1.73
1.73
1.87
1.55
2.08
2.06
1.79
1.57
1.84
2.08
1.80
1.65
1.97
1.60
2.05
2.06
1.66
1.62
1.66
1.94
1.67
1.81
1.96
2.06
1.81
1.98
2.01
1.69
1.85
1.98
1.68
2.04
2.01
1.84
2.04
1.98
1.79
1.56
2.01
1.92
2.10
2.10
2.03
1.96
1.59
1.97
1.91
1.70
1.88
1.87
1.93
1.84
1.97
1.78
1.80
2.07
1.66
2.10
1.65
1.80
1.82
1.79
1.73
1.72
1.92
2.06
1.99
2.01
2.08
1.73
1.82
1.91
1.73
1.58
1.76
1.77
1.84
1.97
1.77
1.62
1.57
1.99
1.75
1.99
1.67
1.84
1.95
1.62
1.84
2.05
1.87
1.95
1.57
1.90
1.56
1.95
1.69
1.84
1.85
2.06
2.03
1.96
1.86
1.65
2.00
1.92
1.71
1.73
1.78
1.77
1.64
1.80
1.66
1.69
2.08
1.62
1.98
1.76
1.69
1.55
1.70
1.85
1.95
1.57
2.04
1.80
1.81
1.63
2.10
1.95
1.58
2.02
1.80
1.74
1.56
2.09
1.55
1.56
1.56
1.78
1.79
1.65
1.87
1.90
1.63
1.68
1.97
2.07
1.89
1.95
1.91
2.04
2.09
1.76
1.90
2.03
2.01
1.60
1.95
1.84
2.00
1.82
1.75
2.10
2.01
1.60
